55
NULL 0 NULL 0
N 5 0,255,0,255,0,32767,0,32767,0,32767 NULL -1 0 0 	# N [4e ]A
0 8 0,255,0,255,0,32767,0,32767,0,32767 NULL 2 0 0 	# 0 [30 ]0
6 8 0,255,0,255,0,32767,0,32767,0,32767 NULL 3 0 0 	# 6 [36 ]0
5 8 0,255,0,255,0,32767,0,32767,0,32767 NULL 4 0 0 	# 5 [35 ]0
9 8 0,255,0,255,0,32767,0,32767,0,32767 NULL 5 0 0 	# 9 [39 ]0
3 8 0,255,0,255,0,32767,0,32767,0,32767 NULL 6 0 0 	# 3 [33 ]0
o 3 0,255,0,255,0,32767,0,32767,0,32767 NULL -1 0 0 	# o [6f ]a
승 1 0,255,0,255,0,32767,0,32767,0,32767 NULL 8 0 0 	# 승 [c2b9 ]x
선 1 0,255,0,255,0,32767,0,32767,0,32767 NULL 9 0 0 	# 선 [c120 ]x
권 1 0,255,0,255,0,32767,0,32767,0,32767 NULL 10 0 0 	# 권 [ad8c ]x
청 1 0,255,0,255,0,32767,0,32767,0,32767 NULL 11 0 0 	# 청 [ccad ]x
평 1 0,255,0,255,0,32767,0,32767,0,32767 NULL 12 0 0 	# 평 [d3c9 ]x
지 1 0,255,0,255,0,32767,0,32767,0,32767 NULL 13 0 0 	# 지 [c9c0 ]x
오 1 0,255,0,255,0,32767,0,32767,0,32767 NULL 14 0 0 	# 오 [c624 ]x
사 1 0,255,0,255,0,32767,0,32767,0,32767 NULL 15 0 0 	# 사 [c0ac ]x
산 1 0,255,0,255,0,32767,0,32767,0,32767 NULL 16 0 0 	# 산 [c0b0 ]x
댐 1 0,255,0,255,0,32767,0,32767,0,32767 NULL 17 0 0 	# 댐 [b310 ]x
광 1 0,255,0,255,0,32767,0,32767,0,32767 NULL 18 0 0 	# 광 [ad11 ]x
소 1 0,255,0,255,0,32767,0,32767,0,32767 NULL 19 0 0 	# 소 [c18c ]x
양 1 0,255,0,255,0,32767,0,32767,0,32767 NULL 20 0 0 	# 양 [c591 ]x
요 1 0,255,0,255,0,32767,0,32767,0,32767 NULL 21 0 0 	# 요 [c694 ]x
, 10 0,255,0,255,0,32767,0,32767,0,32767 NULL 22 0 0 	# , [2c ]p
주 1 0,255,0,255,0,32767,0,32767,0,32767 NULL 23 0 0 	# 주 [c8fc ]x
발 1 0,255,0,255,0,32767,0,32767,0,32767 NULL 24 0 0 	# 발 [bc1c ]x
: 10 0,255,0,255,0,32767,0,32767,0,32767 NULL 25 0 0 	# : [3a ]p
봉 1 0,255,0,255,0,32767,0,32767,0,32767 NULL 26 0 0 	# 봉 [bd09 ]x
회 1 0,255,0,255,0,32767,0,32767,0,32767 NULL 27 0 0 	# 회 [d68c ]x
식 1 0,255,0,255,0,32767,0,32767,0,32767 NULL 28 0 0 	# 식 [c2dd ]x
￦ 10 0,255,0,255,0,32767,0,32767,0,32767 NULL 29 0 0 	# ￦ [ffe6 ]p
원 1 0,255,0,255,0,32767,0,32767,0,32767 NULL 30 0 0 	# 원 [c6d0 ]x
개 1 0,255,0,255,0,32767,0,32767,0,32767 NULL 31 0 0 	# 개 [ac1c ]x
관 1 0,255,0,255,0,32767,0,32767,0,32767 NULL 32 0 0 	# 관 [ad00 ]x
명 1 0,255,0,255,0,32767,0,32767,0,32767 NULL 33 0 0 	# 명 [ba85 ]x
성 1 0,255,0,255,0,32767,0,32767,0,32767 NULL 34 0 0 	# 성 [c131 ]x
금 1 0,255,0,255,0,32767,0,32767,0,32767 NULL 35 0 0 	# 금 [ae08 ]x
자 1 0,255,0,255,0,32767,0,32767,0,32767 NULL 36 0 0 	# 자 [c790 ]x
민 1 0,255,0,255,0,32767,0,32767,0,32767 NULL 37 0 0 	# 민 [bbfc ]x
등 1 0,255,0,255,0,32767,0,32767,0,32767 NULL 38 0 0 	# 등 [b4f1 ]x
록 1 0,255,0,255,0,32767,0,32767,0,32767 NULL 39 0 0 	# 록 [b85d ]x
번 1 0,255,0,255,0,32767,0,32767,0,32767 NULL 40 0 0 	# 번 [bc88 ]x
호 1 0,255,0,255,0,32767,0,32767,0,32767 NULL 41 0 0 	# 호 [d638 ]x
전 1 0,255,0,255,0,32767,0,32767,0,32767 NULL 42 0 0 	# 전 [c804 ]x
화 1 0,255,0,255,0,32767,0,32767,0,32767 NULL 43 0 0 	# 화 [d654 ]x
본 1 0,255,0,255,0,32767,0,32767,0,32767 NULL 44 0 0 	# 본 [bcf8 ]x
은 1 0,255,0,255,0,32767,0,32767,0,32767 NULL 45 0 0 	# 은 [c740 ]x
환 1 0,255,0,255,0,32767,0,32767,0,32767 NULL 46 0 0 	# 환 [d658 ]x
불 1 0,255,0,255,0,32767,0,32767,0,32767 NULL 47 0 0 	# 불 [bd88 ]x
할 1 0,255,0,255,0,32767,0,32767,0,32767 NULL 48 0 0 	# 할 [d560 ]x
수 1 0,255,0,255,0,32767,0,32767,0,32767 NULL 49 0 0 	# 수 [c218 ]x
없 1 0,255,0,255,0,32767,0,32767,0,32767 NULL 50 0 0 	# 없 [c5c6 ]x
음 1 0,255,0,255,0,32767,0,32767,0,32767 NULL 51 0 0 	# 음 [c74c ]x
복 1 0,255,0,255,0,32767,0,32767,0,32767 NULL 52 0 0 	# 복 [bcf5 ]x
⬅ 10 0,255,0,255,0,32767,0,32767,0,32767 NULL 53 0 0 	# ⬅ [2b05 ]p
➡ 10 0,255,0,255,0,32767,0,32767,0,32767 NULL 54 0 0 	# ➡ [27a1 ]p
