216
NULL 0 NULL 0
S 5 0,255,0,255,0,32767,0,32767,0,32767 NULL 49 0 0 	# S [53 ]A
J 5 0,255,0,255,0,32767,0,32767,0,32767 NULL 56 0 0 	# J [4a ]A
P 5 0,255,0,255,0,32767,0,32767,0,32767 NULL -1 0 0 	# P [50 ]A
r 3 0,255,0,255,0,32767,0,32767,0,32767 NULL -1 0 0 	# r [72 ]a
w 3 0,255,0,255,0,32767,0,32767,0,32767 NULL 17 0 0 	# w [77 ]a
L 5 0,255,0,255,0,32767,0,32767,0,32767 NULL 31 0 0 	# L [4c ]A
f 3 0,255,0,255,0,32767,0,32767,0,32767 NULL 12 0 0 	# f [66 ]a
$ 10 0,255,0,255,0,32767,0,32767,0,32767 NULL 8 0 0 	# $ [24 ]p
Y 5 0,255,0,255,0,32767,0,32767,0,32767 NULL -1 0 0 	# Y [59 ]A
Q 5 0,255,0,255,0,32767,0,32767,0,32767 NULL 35 0 0 	# Q [51 ]A
5 8 0,255,0,255,0,32767,0,32767,0,32767 NULL 11 0 0 	# 5 [35 ]0
F 5 0,255,0,255,0,32767,0,32767,0,32767 NULL 7 0 0 	# F [46 ]A
T 5 0,255,0,255,0,32767,0,32767,0,32767 NULL 54 0 0 	# T [54 ]A
i 3 0,255,0,255,0,32767,0,32767,0,32767 NULL 20 0 0 	# i [69 ]a
2 8 0,255,0,255,0,32767,0,32767,0,32767 NULL 15 0 0 	# 2 [32 ]0
M 5 0,255,0,255,0,32767,0,32767,0,32767 NULL 39 0 0 	# M [4d ]A
W 5 0,255,0,255,0,32767,0,32767,0,32767 NULL 5 0 0 	# W [57 ]A
v 3 0,255,0,255,0,32767,0,32767,0,32767 NULL 25 0 0 	# v [76 ]a
4 8 0,255,0,255,0,32767,0,32767,0,32767 NULL 19 0 0 	# 4 [34 ]0
I 5 0,255,0,255,0,32767,0,32767,0,32767 NULL 14 0 0 	# I [49 ]A
/ 10 0,255,0,255,0,32767,0,32767,0,32767 NULL 21 0 0 	# / [2f ]p
1 8 0,255,0,255,0,32767,0,32767,0,32767 NULL 22 0 0 	# 1 [31 ]0
@ 10 0,255,0,255,0,32767,0,32767,0,32767 NULL 23 0 0 	# @ [40 ]p
N 5 0,255,0,255,0,32767,0,32767,0,32767 NULL 48 0 0 	# N [4e ]A
V 5 0,255,0,255,0,32767,0,32767,0,32767 NULL 18 0 0 	# V [56 ]A
G 5 0,255,0,255,0,32767,0,32767,0,32767 NULL 40 0 0 	# G [47 ]A
Z 5 0,255,0,255,0,32767,0,32767,0,32767 NULL 47 0 0 	# Z [5a ]A
u 3 0,255,0,255,0,32767,0,32767,0,32767 NULL 58 0 0 	# u [75 ]a
< 10 0,255,0,255,0,32767,0,32767,0,32767 NULL 29 0 0 	# < [3c ]p
A 5 0,255,0,255,0,32767,0,32767,0,32767 NULL 32 0 0 	# A [41 ]A
l 3 0,255,0,255,0,32767,0,32767,0,32767 NULL 6 0 0 	# l [6c ]a
a 3 0,255,0,255,0,32767,0,32767,0,32767 NULL 30 0 0 	# a [61 ]a
3 8 0,255,0,255,0,32767,0,32767,0,32767 NULL 33 0 0 	# 3 [33 ]0
E 5 0,255,0,255,0,32767,0,32767,0,32767 NULL 44 0 0 	# E [45 ]A
q 3 0,255,0,255,0,32767,0,32767,0,32767 NULL 10 0 0 	# q [71 ]a
| 10 0,255,0,255,0,32767,0,32767,0,32767 NULL 36 0 0 	# | [7c ]p
K 5 0,255,0,255,0,32767,0,32767,0,32767 NULL -1 0 0 	# K [4b ]A
6 8 0,255,0,255,0,32767,0,32767,0,32767 NULL 38 0 0 	# 6 [36 ]0
m 3 0,255,0,255,0,32767,0,32767,0,32767 NULL 16 0 0 	# m [6d ]a
g 3 0,255,0,255,0,32767,0,32767,0,32767 NULL 26 0 0 	# g [67 ]a
B 5 0,255,0,255,0,32767,0,32767,0,32767 NULL -1 0 0 	# B [42 ]A
H 5 0,255,0,255,0,32767,0,32767,0,32767 NULL -1 0 0 	# H [48 ]A
7 8 0,255,0,255,0,32767,0,32767,0,32767 NULL 43 0 0 	# 7 [37 ]0
e 3 0,255,0,255,0,32767,0,32767,0,32767 NULL 34 0 0 	# e [65 ]a
D 5 0,255,0,255,0,32767,0,32767,0,32767 NULL -1 0 0 	# D [44 ]A
b 3 0,255,0,255,0,32767,0,32767,0,32767 NULL 41 0 0 	# b [62 ]a
z 3 0,255,0,255,0,32767,0,32767,0,32767 NULL 27 0 0 	# z [7a ]a
n 3 0,255,0,255,0,32767,0,32767,0,32767 NULL 24 0 0 	# n [6e ]a
s 3 0,255,0,255,0,32767,0,32767,0,32767 NULL 1 0 0 	# s [73 ]a
é 3 0,255,0,255,0,32767,0,32767,0,32767 NULL -1 0 0 	# é [e9 ]a
x 3 0,255,0,255,0,32767,0,32767,0,32767 NULL -1 0 0 	# x [78 ]a
9 8 0,255,0,255,0,32767,0,32767,0,32767 NULL 52 0 0 	# 9 [39 ]0
d 3 0,255,0,255,0,32767,0,32767,0,32767 NULL 45 0 0 	# d [64 ]a
t 3 0,255,0,255,0,32767,0,32767,0,32767 NULL 13 0 0 	# t [74 ]a
o 3 0,255,0,255,0,32767,0,32767,0,32767 NULL -1 0 0 	# o [6f ]a
j 3 0,255,0,255,0,32767,0,32767,0,32767 NULL 2 0 0 	# j [6a ]a
X 5 0,255,0,255,0,32767,0,32767,0,32767 NULL 51 0 0 	# X [58 ]A
U 5 0,255,0,255,0,32767,0,32767,0,32767 NULL 28 0 0 	# U [55 ]A
y 3 0,255,0,255,0,32767,0,32767,0,32767 NULL 9 0 0 	# y [79 ]a
k 3 0,255,0,255,0,32767,0,32767,0,32767 NULL 37 0 0 	# k [6b ]a
강 1 0,255,0,255,0,32767,0,32767,0,32767 NULL 61 0 0 	# 강 [ac15 ]x
그 1 0,255,0,255,0,32767,0,32767,0,32767 NULL 62 0 0 	# 그 [adf8 ]x
뭔 1 0,255,0,255,0,32767,0,32767,0,32767 NULL 63 0 0 	# 뭔 [bb54 ]x
대 1 0,255,0,255,0,32767,0,32767,0,32767 NULL 64 0 0 	# 대 [b300 ]x
괴 1 0,255,0,255,0,32767,0,32767,0,32767 NULL 65 0 0 	# 괴 [ad34 ]x
되 1 0,255,0,255,0,32767,0,32767,0,32767 NULL 66 0 0 	# 되 [b418 ]x
면 1 0,255,0,255,0,32767,0,32767,0,32767 NULL 67 0 0 	# 면 [ba74 ]x
보 1 0,255,0,255,0,32767,0,32767,0,32767 NULL 68 0 0 	# 보 [bcf4 ]x
지 1 0,255,0,255,0,32767,0,32767,0,32767 NULL 69 0 0 	# 지 [c9c0 ]x
숨 1 0,255,0,255,0,32767,0,32767,0,32767 NULL 70 0 0 	# 숨 [c228 ]x
과 1 0,255,0,255,0,32767,0,32767,0,32767 NULL 71 0 0 	# 과 [acfc ]x
내 1 0,255,0,255,0,32767,0,32767,0,32767 NULL 72 0 0 	# 내 [b0b4 ]x
도 1 0,255,0,255,0,32767,0,32767,0,32767 NULL 73 0 0 	# 도 [b3c4 ]x
다 1 0,255,0,255,0,32767,0,32767,0,32767 NULL 74 0 0 	# 다 [b2e4 ]x
0 8 0,255,0,255,0,32767,0,32767,0,32767 NULL 75 0 0 	# 0 [30 ]0
승 1 0,255,0,255,0,32767,0,32767,0,32767 NULL 76 0 0 	# 승 [c2b9 ]x
선 1 0,255,0,255,0,32767,0,32767,0,32767 NULL 77 0 0 	# 선 [c120 ]x
권 1 0,255,0,255,0,32767,0,32767,0,32767 NULL 78 0 0 	# 권 [ad8c ]x
청 1 0,255,0,255,0,32767,0,32767,0,32767 NULL 79 0 0 	# 청 [ccad ]x
평 1 0,255,0,255,0,32767,0,32767,0,32767 NULL 80 0 0 	# 평 [d3c9 ]x
오 1 0,255,0,255,0,32767,0,32767,0,32767 NULL 81 0 0 	# 오 [c624 ]x
사 1 0,255,0,255,0,32767,0,32767,0,32767 NULL 82 0 0 	# 사 [c0ac ]x
산 1 0,255,0,255,0,32767,0,32767,0,32767 NULL 83 0 0 	# 산 [c0b0 ]x
댐 1 0,255,0,255,0,32767,0,32767,0,32767 NULL 84 0 0 	# 댐 [b310 ]x
광 1 0,255,0,255,0,32767,0,32767,0,32767 NULL 85 0 0 	# 광 [ad11 ]x
소 1 0,255,0,255,0,32767,0,32767,0,32767 NULL 86 0 0 	# 소 [c18c ]x
양 1 0,255,0,255,0,32767,0,32767,0,32767 NULL 87 0 0 	# 양 [c591 ]x
요 1 0,255,0,255,0,32767,0,32767,0,32767 NULL 88 0 0 	# 요 [c694 ]x
, 10 0,255,0,255,0,32767,0,32767,0,32767 NULL 89 0 0 	# , [2c ]p
주 1 0,255,0,255,0,32767,0,32767,0,32767 NULL 90 0 0 	# 주 [c8fc ]x
발 1 0,255,0,255,0,32767,0,32767,0,32767 NULL 91 0 0 	# 발 [bc1c ]x
: 10 0,255,0,255,0,32767,0,32767,0,32767 NULL 92 0 0 	# : [3a ]p
봉 1 0,255,0,255,0,32767,0,32767,0,32767 NULL 93 0 0 	# 봉 [bd09 ]x
회 1 0,255,0,255,0,32767,0,32767,0,32767 NULL 94 0 0 	# 회 [d68c ]x
식 1 0,255,0,255,0,32767,0,32767,0,32767 NULL 95 0 0 	# 식 [c2dd ]x
￦ 10 0,255,0,255,0,32767,0,32767,0,32767 NULL 96 0 0 	# ￦ [ffe6 ]p
원 1 0,255,0,255,0,32767,0,32767,0,32767 NULL 97 0 0 	# 원 [c6d0 ]x
개 1 0,255,0,255,0,32767,0,32767,0,32767 NULL 98 0 0 	# 개 [ac1c ]x
관 1 0,255,0,255,0,32767,0,32767,0,32767 NULL 99 0 0 	# 관 [ad00 ]x
명 1 0,255,0,255,0,32767,0,32767,0,32767 NULL 100 0 0 	# 명 [ba85 ]x
성 1 0,255,0,255,0,32767,0,32767,0,32767 NULL 101 0 0 	# 성 [c131 ]x
금 1 0,255,0,255,0,32767,0,32767,0,32767 NULL 102 0 0 	# 금 [ae08 ]x
자 1 0,255,0,255,0,32767,0,32767,0,32767 NULL 103 0 0 	# 자 [c790 ]x
민 1 0,255,0,255,0,32767,0,32767,0,32767 NULL 104 0 0 	# 민 [bbfc ]x
등 1 0,255,0,255,0,32767,0,32767,0,32767 NULL 105 0 0 	# 등 [b4f1 ]x
록 1 0,255,0,255,0,32767,0,32767,0,32767 NULL 106 0 0 	# 록 [b85d ]x
번 1 0,255,0,255,0,32767,0,32767,0,32767 NULL 107 0 0 	# 번 [bc88 ]x
호 1 0,255,0,255,0,32767,0,32767,0,32767 NULL 108 0 0 	# 호 [d638 ]x
전 1 0,255,0,255,0,32767,0,32767,0,32767 NULL 109 0 0 	# 전 [c804 ]x
화 1 0,255,0,255,0,32767,0,32767,0,32767 NULL 110 0 0 	# 화 [d654 ]x
본 1 0,255,0,255,0,32767,0,32767,0,32767 NULL 111 0 0 	# 본 [bcf8 ]x
은 1 0,255,0,255,0,32767,0,32767,0,32767 NULL 112 0 0 	# 은 [c740 ]x
환 1 0,255,0,255,0,32767,0,32767,0,32767 NULL 113 0 0 	# 환 [d658 ]x
불 1 0,255,0,255,0,32767,0,32767,0,32767 NULL 114 0 0 	# 불 [bd88 ]x
할 1 0,255,0,255,0,32767,0,32767,0,32767 NULL 115 0 0 	# 할 [d560 ]x
수 1 0,255,0,255,0,32767,0,32767,0,32767 NULL 116 0 0 	# 수 [c218 ]x
없 1 0,255,0,255,0,32767,0,32767,0,32767 NULL 117 0 0 	# 없 [c5c6 ]x
음 1 0,255,0,255,0,32767,0,32767,0,32767 NULL 118 0 0 	# 음 [c74c ]x
복 1 0,255,0,255,0,32767,0,32767,0,32767 NULL 119 0 0 	# 복 [bcf5 ]x
⬅ 10 0,255,0,255,0,32767,0,32767,0,32767 NULL 120 0 0 	# ⬅ [2b05 ]p
➡ 10 0,255,0,255,0,32767,0,32767,0,32767 NULL 121 0 0 	# ➡ [27a1 ]p
ㄱ 1 0,255,0,255,0,32767,0,32767,0,32767 NULL 122 0 0 	# ㄱ [3131 ]x
ㅏ 1 0,255,0,255,0,32767,0,32767,0,32767 NULL 123 0 0 	# ㅏ [314f ]x
ㅗ 1 0,255,0,255,0,32767,0,32767,0,32767 NULL 124 0 0 	# ㅗ [3157 ]x
ㅍ 1 0,255,0,255,0,32767,0,32767,0,32767 NULL 125 0 0 	# ㅍ [314d ]x
( 10 0,255,0,255,0,32767,0,32767,0,32767 NULL 126 0 0 	# ( [28 ]p
) 10 0,255,0,255,0,32767,0,32767,0,32767 NULL 127 0 0 	# ) [29 ]p
- 10 0,255,0,255,0,32767,0,32767,0,32767 NULL 128 0 0 	# - [2d ]p
ㄴ 1 0,255,0,255,0,32767,0,32767,0,32767 NULL 129 0 0 	# ㄴ [3134 ]x
ㅣ 1 0,255,0,255,0,32767,0,32767,0,32767 NULL 130 0 0 	# ㅣ [3163 ]x
ㅎ 1 0,255,0,255,0,32767,0,32767,0,32767 NULL 131 0 0 	# ㅎ [314e ]x
ㅑ 1 0,255,0,255,0,32767,0,32767,0,32767 NULL 132 0 0 	# ㅑ [3151 ]x
ㅇ 1 0,255,0,255,0,32767,0,32767,0,32767 NULL 133 0 0 	# ㅇ [3147 ]x
ㅁ 1 0,255,0,255,0,32767,0,32767,0,32767 NULL 134 0 0 	# ㅁ [3141 ]x
ㅈ 1 0,255,0,255,0,32767,0,32767,0,32767 NULL 135 0 0 	# ㅈ [3148 ]x
ㅂ 1 0,255,0,255,0,32767,0,32767,0,32767 NULL 136 0 0 	# ㅂ [3142 ]x
ㄷ 1 0,255,0,255,0,32767,0,32767,0,32767 NULL 137 0 0 	# ㄷ [3137 ]x
ㅡ 1 0,255,0,255,0,32767,0,32767,0,32767 NULL 138 0 0 	# ㅡ [3161 ]x
ㄹ 1 0,255,0,255,0,32767,0,32767,0,32767 NULL 139 0 0 	# ㄹ [3139 ]x
ㅜ 1 0,255,0,255,0,32767,0,32767,0,32767 NULL 140 0 0 	# ㅜ [315c ]x
ㅓ 1 0,255,0,255,0,32767,0,32767,0,32767 NULL 141 0 0 	# ㅓ [3153 ]x
ㅛ 1 0,255,0,255,0,32767,0,32767,0,32767 NULL 142 0 0 	# ㅛ [315b ]x
! 10 0,255,0,255,0,32767,0,32767,0,32767 NULL 143 0 0 	# ! [21 ]p
? 10 0,255,0,255,0,32767,0,32767,0,32767 NULL 144 0 0 	# ? [3f ]p
. 10 0,255,0,255,0,32767,0,32767,0,32767 NULL 145 0 0 	# . [2e ]p
ㅅ 1 0,255,0,255,0,32767,0,32767,0,32767 NULL 146 0 0 	# ㅅ [3145 ]x
ㅠ 1 0,255,0,255,0,32767,0,32767,0,32767 NULL 147 0 0 	# ㅠ [3160 ]x
정 1 0,255,0,255,0,32767,0,32767,0,32767 NULL 148 0 0 	# 정 [c815 ]x
의 1 0,255,0,255,0,32767,0,32767,0,32767 NULL 149 0 0 	# 의 [c758 ]x
상 1 0,255,0,255,0,32767,0,32767,0,32767 NULL 150 0 0 	# 상 [c0c1 ]x
실 1 0,255,0,255,0,32767,0,32767,0,32767 NULL 151 0 0 	# 실 [c2e4 ]x
동 1 0,255,0,255,0,32767,0,32767,0,32767 NULL 152 0 0 	# 동 [b3d9 ]x
노 1 0,255,0,255,0,32767,0,32767,0,32767 NULL 153 0 0 	# 노 [b178 ]x
영 1 0,255,0,255,0,32767,0,32767,0,32767 NULL 154 0 0 	# 영 [c601 ]x
서 1 0,255,0,255,0,32767,0,32767,0,32767 NULL 155 0 0 	# 서 [c11c ]x
울 1 0,255,0,255,0,32767,0,32767,0,32767 NULL 156 0 0 	# 울 [c6b8 ]x
일 1 0,255,0,255,0,32767,0,32767,0,32767 NULL 157 0 0 	# 일 [c77c ]x
미 1 0,255,0,255,0,32767,0,32767,0,32767 NULL 158 0 0 	# 미 [bbf8 ]x
술 1 0,255,0,255,0,32767,0,32767,0,32767 NULL 159 0 0 	# 술 [c220 ]x
시 1 0,255,0,255,0,32767,0,32767,0,32767 NULL 160 0 0 	# 시 [c2dc ]x
종 1 0,255,0,255,0,32767,0,32767,0,32767 NULL 161 0 0 	# 종 [c885 ]x
구 1 0,255,0,255,0,32767,0,32767,0,32767 NULL 162 0 0 	# 구 [ad6c ]x
로 1 0,255,0,255,0,32767,0,32767,0,32767 NULL 163 0 0 	# 로 [b85c ]x
세 1 0,255,0,255,0,32767,0,32767,0,32767 NULL 164 0 0 	# 세 [c138 ]x
람 1 0,255,0,255,0,32767,0,32767,0,32767 NULL 165 0 0 	# 람 [b78c ]x
괠 1 0,255,0,255,0,32767,0,32767,0,32767 NULL 166 0 0 	# 괠 [ad20 ]x
⬛ 10 0,255,0,255,0,32767,0,32767,0,32767 NULL 167 0 0 	# ⬛ [2b1b ]p
나 1 0,255,0,255,0,32767,0,32767,0,32767 NULL 168 0 0 	# 나 [b098 ]x
랏 1 0,255,0,255,0,32767,0,32767,0,32767 NULL 169 0 0 	# 랏 [b78f ]x
말 1 0,255,0,255,0,32767,0,32767,0,32767 NULL 170 0 0 	# 말 [b9d0 ]x
ㅆㆍ 1 0,255,0,255,0,32767,0,32767,0,32767 NULL 171 0 0 	# ㅆㆍ [3146 318d ]x
듕 1 0,255,0,255,0,32767,0,32767,0,32767 NULL 172 0 0 	# 듕 [b4d5 ]x
에 1 0,255,0,255,0,32767,0,32767,0,32767 NULL 173 0 0 	# 에 [c5d0 ]x
달 1 0,255,0,255,0,32767,0,32767,0,32767 NULL 174 0 0 	# 달 [b2ec ]x
아 1 0,255,0,255,0,32767,0,32767,0,32767 NULL 175 0 0 	# 아 [c544 ]x
문 1 0,255,0,255,0,32767,0,32767,0,32767 NULL 176 0 0 	# 문 [bb38 ]x
ㅉㆍㅇ 1 0,255,0,255,0,32767,0,32767,0,32767 NULL 177 0 0 	# ㅉㆍㅇ [3149 318d 3147 ]x
와 1 0,255,0,255,0,32767,0,32767,0,32767 NULL 178 0 0 	# 와 [c640 ]x
ㅅㆍ 1 0,255,0,255,0,32767,0,32767,0,32767 NULL 179 0 0 	# ㅅㆍ [3145 318d ]x
ㅁㆍㅅ 1 0,255,0,255,0,32767,0,32767,0,32767 NULL 180 0 0 	# ㅁㆍㅅ [3141 318d 3145 ]x
디 1 0,255,0,255,0,32767,0,32767,0,32767 NULL 181 0 0 	# 디 [b514 ]x
니 1 0,255,0,255,0,32767,0,32767,0,32767 NULL 182 0 0 	# 니 [b2c8 ]x
이 1 0,255,0,255,0,32767,0,32767,0,32767 NULL 183 0 0 	# 이 [c774 ]x
런 1 0,255,0,255,0,32767,0,32767,0,32767 NULL 184 0 0 	# 런 [b7f0 ]x
젼 1 0,255,0,255,0,32767,0,32767,0,32767 NULL 185 0 0 	# 젼 [c83c ]x
ㅊㆍ 1 0,255,0,255,0,32767,0,32767,0,32767 NULL 186 0 0 	# ㅊㆍ [314a 318d ]x
어 1 0,255,0,255,0,32767,0,32767,0,32767 NULL 187 0 0 	# 어 [c5b4 ]x
린 1 0,255,0,255,0,32767,0,32767,0,32767 NULL 188 0 0 	# 린 [b9b0 ]x
ㅂㆍㅣㄱ 1 0,255,0,255,0,32767,0,32767,0,32767 NULL 189 0 0 	# ㅂㆍㅣㄱ [3142 318d 3163 3131 ]x
셩 1 0,255,0,255,0,32767,0,32767,0,32767 NULL 190 0 0 	# 셩 [c169 ]x
고 1 0,255,0,255,0,32767,0,32767,0,32767 NULL 191 0 0 	# 고 [ace0 ]x
져 1 0,255,0,255,0,32767,0,32767,0,32767 NULL 192 0 0 	# 져 [c838 ]x
배 1 0,255,0,255,0,32767,0,32767,0,32767 NULL 193 0 0 	# 배 [bc30 ]x
셔 1 0,255,0,255,0,32767,0,32767,0,32767 NULL 194 0 0 	# 셔 [c154 ]x
ㅁㆍ 1 0,255,0,255,0,32767,0,32767,0,32767 NULL 195 0 0 	# ㅁㆍ [3141 318d ]x
ㅳㅡ 1 0,255,0,255,0,32767,0,32767,0,32767 NULL 196 0 0 	# ㅳㅡ [3173 3161 ]x
ㅎㆍㅭ 1 0,255,0,255,0,32767,0,32767,0,32767 NULL 197 0 0 	# ㅎㆍㅭ [314e 318d 316d ]x
ㄹㆍㄹ 1 0,255,0,255,0,32767,0,32767,0,32767 NULL 198 0 0 	# ㄹㆍㄹ [3139 318d 3139 ]x
ㄹㆍㅁ 1 0,255,0,255,0,32767,0,32767,0,32767 NULL 199 0 0 	# ㄹㆍㅁ [3139 318d 3141 ]x
ㅎㆎ 1 0,255,0,255,0,32767,0,32767,0,32767 NULL 200 0 0 	# ㅎㆎ [314e 318e ]x
ㅽㅜ 1 0,255,0,255,0,32767,0,32767,0,32767 NULL 201 0 0 	# ㅽㅜ [317d 315c ]x
ㆆㅏㄴ 1 0,255,0,255,0,32767,0,32767,0,32767 NULL 202 0 0 	# ㆆㅏㄴ [3186 314f 3134 ]x
ㅼㆍ 1 0,255,0,255,0,32767,0,32767,0,32767 NULL 203 0 0 	# ㅼㆍ [317c 318d ]x
라 1 0,255,0,255,0,32767,0,32767,0,32767 NULL 204 0 0 	# 라 [b77c ]x
ㅎㆍㄹ 1 0,255,0,255,0,32767,0,32767,0,32767 NULL 205 0 0 	# ㅎㆍㄹ [314e 318d 3139 ]x
ㅆㆍㅣ 1 0,255,0,255,0,32767,0,32767,0,32767 NULL 206 0 0 	# ㅆㆍㅣ [3146 318d 3163 ]x
르 1 0,255,0,255,0,32767,0,32767,0,32767 NULL 207 0 0 	# 르 [b974 ]x
ㅊㆍㅁ 1 0,255,0,255,0,32767,0,32767,0,32767 NULL 208 0 0 	# ㅊㆍㅁ [314a 318d 3141 ]x
들 1 0,255,0,255,0,32767,0,32767,0,32767 NULL 209 0 0 	# 들 [b4e4 ]x
ㅎㆍ 1 0,255,0,255,0,32767,0,32767,0,32767 NULL 210 0 0 	# ㅎㆍ [314e 318d ]x
ㅁㆎㆁ 1 0,255,0,255,0,32767,0,32767,0,32767 NULL 211 0 0 	# ㅁㆎㆁ [3141 318e 3181 ]x
ㄱㆍ 1 0,255,0,255,0,32767,0,32767,0,32767 NULL 212 0 0 	# ㄱㆍ [3131 318d ]x
ㆀㅕ 1 0,255,0,255,0,32767,0,32767,0,32767 NULL 213 0 0 	# ㆀㅕ [3180 3155 ]x
ㅸㅣ 1 0,255,0,255,0,32767,0,32767,0,32767 NULL 214 0 0 	# ㅸㅣ [3178 3163 ]x
ㄹㆍ 1 0,255,0,255,0,32767,0,32767,0,32767 NULL 215 0 0 	# ㄹㆍ [3139 318d ]x
