75
NULL 0 NULL 0
S 5 0,255,0,255,0,32767,0,32767,0,32767 NULL 49 0 0 	# S [53 ]A
J 5 0,255,0,255,0,32767,0,32767,0,32767 NULL 56 0 0 	# J [4a ]A
P 5 0,255,0,255,0,32767,0,32767,0,32767 NULL -1 0 0 	# P [50 ]A
r 3 0,255,0,255,0,32767,0,32767,0,32767 NULL -1 0 0 	# r [72 ]a
w 3 0,255,0,255,0,32767,0,32767,0,32767 NULL 17 0 0 	# w [77 ]a
L 5 0,255,0,255,0,32767,0,32767,0,32767 NULL 31 0 0 	# L [4c ]A
f 3 0,255,0,255,0,32767,0,32767,0,32767 NULL 12 0 0 	# f [66 ]a
$ 10 0,255,0,255,0,32767,0,32767,0,32767 NULL 8 0 0 	# $ [24 ]p
Y 5 0,255,0,255,0,32767,0,32767,0,32767 NULL -1 0 0 	# Y [59 ]A
Q 5 0,255,0,255,0,32767,0,32767,0,32767 NULL 35 0 0 	# Q [51 ]A
5 8 0,255,0,255,0,32767,0,32767,0,32767 NULL 11 0 0 	# 5 [35 ]0
F 5 0,255,0,255,0,32767,0,32767,0,32767 NULL 7 0 0 	# F [46 ]A
T 5 0,255,0,255,0,32767,0,32767,0,32767 NULL -1 0 0 	# T [54 ]A
i 3 0,255,0,255,0,32767,0,32767,0,32767 NULL 20 0 0 	# i [69 ]a
2 8 0,255,0,255,0,32767,0,32767,0,32767 NULL 15 0 0 	# 2 [32 ]0
M 5 0,255,0,255,0,32767,0,32767,0,32767 NULL 39 0 0 	# M [4d ]A
W 5 0,255,0,255,0,32767,0,32767,0,32767 NULL 5 0 0 	# W [57 ]A
v 3 0,255,0,255,0,32767,0,32767,0,32767 NULL 25 0 0 	# v [76 ]a
4 8 0,255,0,255,0,32767,0,32767,0,32767 NULL 19 0 0 	# 4 [34 ]0
I 5 0,255,0,255,0,32767,0,32767,0,32767 NULL 14 0 0 	# I [49 ]A
/ 10 0,255,0,255,0,32767,0,32767,0,32767 NULL 21 0 0 	# / [2f ]p
1 8 0,255,0,255,0,32767,0,32767,0,32767 NULL 22 0 0 	# 1 [31 ]0
@ 10 0,255,0,255,0,32767,0,32767,0,32767 NULL 23 0 0 	# @ [40 ]p
N 5 0,255,0,255,0,32767,0,32767,0,32767 NULL 48 0 0 	# N [4e ]A
V 5 0,255,0,255,0,32767,0,32767,0,32767 NULL 18 0 0 	# V [56 ]A
G 5 0,255,0,255,0,32767,0,32767,0,32767 NULL 40 0 0 	# G [47 ]A
Z 5 0,255,0,255,0,32767,0,32767,0,32767 NULL 47 0 0 	# Z [5a ]A
u 3 0,255,0,255,0,32767,0,32767,0,32767 NULL 58 0 0 	# u [75 ]a
< 10 0,255,0,255,0,32767,0,32767,0,32767 NULL 29 0 0 	# < [3c ]p
A 5 0,255,0,255,0,32767,0,32767,0,32767 NULL 32 0 0 	# A [41 ]A
l 3 0,255,0,255,0,32767,0,32767,0,32767 NULL 6 0 0 	# l [6c ]a
a 3 0,255,0,255,0,32767,0,32767,0,32767 NULL 30 0 0 	# a [61 ]a
3 8 0,255,0,255,0,32767,0,32767,0,32767 NULL 33 0 0 	# 3 [33 ]0
E 5 0,255,0,255,0,32767,0,32767,0,32767 NULL 44 0 0 	# E [45 ]A
q 3 0,255,0,255,0,32767,0,32767,0,32767 NULL 10 0 0 	# q [71 ]a
| 10 0,255,0,255,0,32767,0,32767,0,32767 NULL 36 0 0 	# | [7c ]p
K 5 0,255,0,255,0,32767,0,32767,0,32767 NULL -1 0 0 	# K [4b ]A
6 8 0,255,0,255,0,32767,0,32767,0,32767 NULL 38 0 0 	# 6 [36 ]0
m 3 0,255,0,255,0,32767,0,32767,0,32767 NULL 16 0 0 	# m [6d ]a
g 3 0,255,0,255,0,32767,0,32767,0,32767 NULL 26 0 0 	# g [67 ]a
B 5 0,255,0,255,0,32767,0,32767,0,32767 NULL -1 0 0 	# B [42 ]A
H 5 0,255,0,255,0,32767,0,32767,0,32767 NULL -1 0 0 	# H [48 ]A
7 8 0,255,0,255,0,32767,0,32767,0,32767 NULL 43 0 0 	# 7 [37 ]0
e 3 0,255,0,255,0,32767,0,32767,0,32767 NULL 34 0 0 	# e [65 ]a
D 5 0,255,0,255,0,32767,0,32767,0,32767 NULL -1 0 0 	# D [44 ]A
b 3 0,255,0,255,0,32767,0,32767,0,32767 NULL 41 0 0 	# b [62 ]a
z 3 0,255,0,255,0,32767,0,32767,0,32767 NULL 27 0 0 	# z [7a ]a
n 3 0,255,0,255,0,32767,0,32767,0,32767 NULL 24 0 0 	# n [6e ]a
s 3 0,255,0,255,0,32767,0,32767,0,32767 NULL 1 0 0 	# s [73 ]a
é 3 0,255,0,255,0,32767,0,32767,0,32767 NULL -1 0 0 	# é [e9 ]a
x 3 0,255,0,255,0,32767,0,32767,0,32767 NULL -1 0 0 	# x [78 ]a
9 8 0,255,0,255,0,32767,0,32767,0,32767 NULL 52 0 0 	# 9 [39 ]0
d 3 0,255,0,255,0,32767,0,32767,0,32767 NULL 45 0 0 	# d [64 ]a
t 3 0,255,0,255,0,32767,0,32767,0,32767 NULL 13 0 0 	# t [74 ]a
o 3 0,255,0,255,0,32767,0,32767,0,32767 NULL -1 0 0 	# o [6f ]a
j 3 0,255,0,255,0,32767,0,32767,0,32767 NULL 2 0 0 	# j [6a ]a
X 5 0,255,0,255,0,32767,0,32767,0,32767 NULL 51 0 0 	# X [58 ]A
U 5 0,255,0,255,0,32767,0,32767,0,32767 NULL 28 0 0 	# U [55 ]A
y 3 0,255,0,255,0,32767,0,32767,0,32767 NULL 9 0 0 	# y [79 ]a
k 3 0,255,0,255,0,32767,0,32767,0,32767 NULL 37 0 0 	# k [6b ]a
강 1 0,255,0,255,0,32767,0,32767,0,32767 NULL 61 0 0 	# 강 [ac15 ]x
그 1 0,255,0,255,0,32767,0,32767,0,32767 NULL 62 0 0 	# 그 [adf8 ]x
뭔 1 0,255,0,255,0,32767,0,32767,0,32767 NULL 63 0 0 	# 뭔 [bb54 ]x
대 1 0,255,0,255,0,32767,0,32767,0,32767 NULL 64 0 0 	# 대 [b300 ]x
괴 1 0,255,0,255,0,32767,0,32767,0,32767 NULL 65 0 0 	# 괴 [ad34 ]x
되 1 0,255,0,255,0,32767,0,32767,0,32767 NULL 66 0 0 	# 되 [b418 ]x
면 1 0,255,0,255,0,32767,0,32767,0,32767 NULL 67 0 0 	# 면 [ba74 ]x
보 1 0,255,0,255,0,32767,0,32767,0,32767 NULL 68 0 0 	# 보 [bcf4 ]x
지 1 0,255,0,255,0,32767,0,32767,0,32767 NULL 69 0 0 	# 지 [c9c0 ]x
숨 1 0,255,0,255,0,32767,0,32767,0,32767 NULL 70 0 0 	# 숨 [c228 ]x
과 1 0,255,0,255,0,32767,0,32767,0,32767 NULL 71 0 0 	# 과 [acfc ]x
내 1 0,255,0,255,0,32767,0,32767,0,32767 NULL 72 0 0 	# 내 [b0b4 ]x
도 1 0,255,0,255,0,32767,0,32767,0,32767 NULL 73 0 0 	# 도 [b3c4 ]x
다 1 0,255,0,255,0,32767,0,32767,0,32767 NULL 74 0 0 	# 다 [b2e4 ]x
