10
NULL 0 NULL 0
L 5 0,255,0,255,0,32767,0,32767,0,32767 NULL -1 0 0 	# L [4c ]A
I 5 0,255,0,255,0,32767,0,32767,0,32767 NULL -1 0 0 	# I [49 ]A
P 5 0,255,0,255,0,32767,0,32767,0,32767 NULL -1 0 0 	# P [50 ]A
U 5 0,255,0,255,0,32767,0,32767,0,32767 NULL -1 0 0 	# U [55 ]A
T 5 0,255,0,255,0,32767,0,32767,0,32767 NULL -1 0 0 	# T [54 ]A
H 5 0,255,0,255,0,32767,0,32767,0,32767 NULL -1 0 0 	# H [48 ]A
S 5 0,255,0,255,0,32767,0,32767,0,32767 NULL -1 0 0 	# S [53 ]A
괠 1 0,255,0,255,0,32767,0,32767,0,32767 NULL 8 0 0 	# 괠 [ad20 ]x
⬛ 10 0,255,0,255,0,32767,0,32767,0,32767 NULL 9 0 0 	# ⬛ [2b1b ]p
